sequenceID,llda
H3K27ac-H3K4me3_TDHAM_BP/samples/GR10_H3K27ac/S00S2P_WTSI/problems/chr5:49600000-91636128,9.515671730041504
H3K27ac-H3K4me3_TDHAM_BP/samples/GR10_H3K27ac/S00SX0_WTSI/problems/chr5:49600000-91636128,8.39181900024414
H3K27ac-H3K4me3_TDHAM_BP/samples/GR11_H3K27ac/S00U3F_WTSI/problems/chr5:49600000-91636128,9.287511825561523
H3K27ac-H3K4me3_TDHAM_BP/samples/GR11_H3K27ac/S00U93_WTSI/problems/chr5:49600000-91636128,8.713183403015137
H3K27ac-H3K4me3_TDHAM_BP/samples/GR11_H3K27ac/S00UKI_WTSI/problems/chr5:49600000-91636128,8.635883331298828
H3K27ac-H3K4me3_TDHAM_BP/samples/GR11_H3K27ac/S00UME_WTSI/problems/chr5:49600000-91636128,8.491756439208984
H3K27ac-H3K4me3_TDHAM_BP/samples/GR11_H3K27ac/S00VVT_WTSI/problems/chr5:49600000-91636128,9.12440299987793
H3K27ac-H3K4me3_TDHAM_BP/samples/GR12_H3K27ac/S00W45_WTSI/problems/chr3:66270270-90504854,11.262809753417969
H3K27ac-H3K4me3_TDHAM_BP/samples/GR12_H3K27ac/S00W45_WTSI/problems/chr5:49600000-91636128,12.971750259399414
H3K27ac-H3K4me3_TDHAM_BP/samples/GR12_H3K27ac/S00WKA_WTSI/problems/chr2:16329724-21153113,8.840570449829102
H3K27ac-H3K4me3_TDHAM_BP/samples/GR12_H3K27ac/S00WP0_WTSI/problems/chr2:16329724-21153113,9.044517517089844
H3K27ac-H3K4me3_TDHAM_BP/samples/GR12_H3K27ac/S00WRX_WTSI/problems/chr3:66270270-90504854,12.949010848999023
H3K27ac-H3K4me3_TDHAM_BP/samples/GR12_H3K27ac/S00YBK_WTSI/problems/chr3:66270270-90504854,8.702984809875488
H3K27ac-H3K4me3_TDHAM_BP/samples/GR12_H3K27ac/S00YBK_WTSI/problems/chr5:49600000-91636128,9.497405052185059
H3K27ac-H3K4me3_TDHAM_BP/samples/GR12_H3K27ac/S00YH8_WTSI/problems/chr3:66270270-90504854,8.261685371398926
H3K27ac-H3K4me3_TDHAM_BP/samples/GR12_H3K27ac/S00YK2_WTSI/problems/chr3:66270270-90504854,8.279382705688477
H3K27ac-H3K4me3_TDHAM_BP/samples/GR13_H3K27ac/S00YVH_WTSI/problems/chr4:52660117-59739333,9.619140625
H3K27ac-H3K4me3_TDHAM_BP/samples/GR13_H3K27ac/S011AZ_WTSI/problems/chr5:49600000-91636128,12.971750259399414
H3K27ac-H3K4me3_TDHAM_BP/samples/GR13_H3K27ac/S011JH_WTSI/problems/chr2:16329724-21153113,11.240174293518066
H3K27ac-H3K4me3_TDHAM_BP/samples/GR13_H3K27ac/S01238_WTSI/problems/chr4:52660117-59739333,12.810620307922363
H3K27ac-H3K4me3_TDHAM_BP/samples/GR13_H3K27ac/S01246_WTSI/problems/chr4:52660117-59739333,12.409762382507324
H3K27ac-H3K4me3_TDHAM_BP/samples/GR13_H3K27ac/S01342_WTSI/problems/chr4:52660117-59739333,11.432506561279297
H3K27ac-H3K4me3_TDHAM_BP/samples/GR13_H3K27ac/S01342_WTSI/problems/chr5:49600000-91636128,9.481152534484863
H3K27ac-H3K4me3_TDHAM_BP/samples/GR13_H3K27ac/S0137X_WTSI/problems/chr4:52660117-59739333,11.821906089782715
H3K27ac-H3K4me3_TDHAM_BP/samples/GR1_H3K27ac/S000X1_NCMLS/problems/chr10:51448845-125869472,8.276933670043945
H3K27ac-H3K4me3_TDHAM_BP/samples/GR1_H3K27ac/S000X1_NCMLS/problems/chr11:55100000-69089801,8.540496826171875
H3K27ac-H3K4me3_TDHAM_BP/samples/GR1_H3K27ac/S000X1_NCMLS/problems/chr4:10000-1423146,8.263957023620605
H3K27ac-H3K4me3_TDHAM_BP/samples/GR1_H3K27ac/S000X1_NCMLS/problems/chr4:75452279-190000000,8.354911804199219
H3K27ac-H3K4me3_TDHAM_BP/samples/GR1_H3K27ac/S0010Q_NCMLS/problems/chr4:75452279-190000000,8.223970413208008
H3K27ac-H3K4me3_TDHAM_BP/samples/GR1_H3K27ac/S0012M_NCMLS/problems/chr3:60000-66170270,8.181333541870117
H3K27ac-H3K4me3_TDHAM_BP/samples/GR1_H3K27ac/S0012M_NCMLS/problems/chr4:10000-1423146,8.09886360168457
H3K27ac-H3K4me3_TDHAM_BP/samples/GR1_H3K27ac/S0012M_NCMLS/problems/chr4:75452279-190000000,8.295013427734375
H3K27ac-H3K4me3_TDHAM_BP/samples/GR1_H3K27ac/S001C2_NCMLS/problems/chr10:60000-17974675,8.264378547668457
H3K27ac-H3K4me3_TDHAM_BP/samples/GR1_H3K27ac/S001C2_NCMLS/problems/chr1:30028082-91800000,8.31379222869873
H3K27ac-H3K4me3_TDHAM_BP/samples/GR1_H3K27ac/S001C2_NCMLS/problems/chr4:10000-1423146,8.551980972290039
H3K27ac-H3K4me3_TDHAM_BP/samples/GR1_H3K27ac/S001C2_NCMLS/problems/chr4:75452279-190000000,8.562294006347656
H3K27ac-H3K4me3_TDHAM_BP/samples/GR1_H3K27ac/S001C2_NCMLS/problems/chr8:87000000-142766515,9.394411087036133
H3K27ac-H3K4me3_TDHAM_BP/samples/GR1_H3K27ac/S001GV_NCMLS/problems/chr11:60000-580000,8.279645919799805
H3K27ac-H3K4me3_TDHAM_BP/samples/GR1_H3K27ac/S001GV_NCMLS/problems/chr1:206482221-223747846,8.258561134338379
H3K27ac-H3K4me3_TDHAM_BP/samples/GR1_H3K27ac/S001KN_NCMLS/problems/chr6:160530000-167942073,8.145744323730469
H3K27ac-H3K4me3_TDHAM_BP/samples/GR1_H3K27ac/S001NH_NCMLS/problems/chr10:51448845-125869472,7.8587822914123535
H3K27ac-H3K4me3_TDHAM_BP/samples/GR1_H3K27ac/S001NH_NCMLS/problems/chr10:60000-17974675,8.361003875732422
H3K27ac-H3K4me3_TDHAM_BP/samples/GR1_H3K27ac/S001NH_NCMLS/problems/chr11:55100000-69089801,8.979340553283691
H3K27ac-H3K4me3_TDHAM_BP/samples/GR1_H3K27ac/S001T5_NCMLS/problems/chr11:55100000-69089801,14.5800142288208
H3K27ac-H3K4me3_TDHAM_BP/samples/GR1_H3K27ac/S001T5_NCMLS/problems/chr11:60000-580000,8.036888122558594
H3K27ac-H3K4me3_TDHAM_BP/samples/GR1_H3K27ac/S001T5_NCMLS/problems/chr1:206482221-223747846,8.72934341430664
H3K27ac-H3K4me3_TDHAM_BP/samples/GR1_H3K27ac/S001T5_NCMLS/problems/chr3:60000-66170270,8.040939331054688
H3K27ac-H3K4me3_TDHAM_BP/samples/GR1_H3K27ac/S001T5_NCMLS/problems/chr4:75452279-190000000,9.206565856933594
H3K27ac-H3K4me3_TDHAM_BP/samples/GR1_H3K27ac/S001T5_NCMLS/problems/chr5:49600000-91636128,8.087738990783691
H3K27ac-H3K4me3_TDHAM_BP/samples/GR1_H3K27ac/S001YW_NCMLS/problems/chr1:206482221-223747846,8.728841781616211
H3K27ac-H3K4me3_TDHAM_BP/samples/GR1_H3K27ac/S001YW_NCMLS/problems/chr1:30028082-91800000,9.103534698486328
H3K27ac-H3K4me3_TDHAM_BP/samples/GR1_H3K27ac/S0020M_NCMLS/problems/chr10:51448845-125869472,8.274307250976562
H3K27ac-H3K4me3_TDHAM_BP/samples/GR1_H3K27ac/S0020M_NCMLS/problems/chr3:60000-66170270,8.386330604553223
H3K27ac-H3K4me3_TDHAM_BP/samples/GR1_H3K27ac/S0020M_NCMLS/problems/chr4:75452279-190000000,8.855899810791016
H3K27ac-H3K4me3_TDHAM_BP/samples/GR1_H3K27ac/S0021K_NCMLS/problems/chr10:51448845-125869472,8.348922729492188
H3K27ac-H3K4me3_TDHAM_BP/samples/GR1_H3K27ac/S0021K_NCMLS/problems/chr10:60000-17974675,9.122467994689941
H3K27ac-H3K4me3_TDHAM_BP/samples/GR1_H3K27ac/S0021K_NCMLS/problems/chr1:206482221-223747846,9.041828155517578
H3K27ac-H3K4me3_TDHAM_BP/samples/GR1_H3K27ac/S0026A_NCMLS/problems/chr10:51448845-125869472,11.261086463928223
H3K27ac-H3K4me3_TDHAM_BP/samples/GR1_H3K27ac/S0026A_NCMLS/problems/chr11:60000-580000,10.125147819519043
H3K27ac-H3K4me3_TDHAM_BP/samples/GR1_H3K27ac/S0026A_NCMLS/problems/chr1:206482221-223747846,10.86633586883545
H3K27ac-H3K4me3_TDHAM_BP/samples/GR1_H3K27ac/S0026A_NCMLS/problems/chr1:30028082-91800000,12.97144603729248
H3K27ac-H3K4me3_TDHAM_BP/samples/GR1_H3K27ac/S0026A_NCMLS/problems/chr3:60000-66170270,12.969599723815918
H3K27ac-H3K4me3_TDHAM_BP/samples/GR1_H3K27ac/S0026A_NCMLS/problems/chr4:75452279-190000000,12.971748352050781
H3K27ac-H3K4me3_TDHAM_BP/samples/GR1_H3K27ac/S00278_NCMLS/problems/chr10:60000-17974675,8.515871047973633
H3K27ac-H3K4me3_TDHAM_BP/samples/GR1_H3K27ac/S00278_NCMLS/problems/chr5:49600000-91636128,8.850630760192871
H3K27ac-H3K4me3_TDHAM_BP/samples/GR1_H3K27ac/S00294_NCMLS/problems/chr10:51448845-125869472,8.436753273010254
H3K27ac-H3K4me3_TDHAM_BP/samples/GR1_H3K27ac/S00294_NCMLS/problems/chr11:55100000-69089801,8.637699127197266
H3K27ac-H3K4me3_TDHAM_BP/samples/GR1_H3K27ac/S00294_NCMLS/problems/chr4:10000-1423146,9.153570175170898
H3K27ac-H3K4me3_TDHAM_BP/samples/GR1_H3K4me3/S00D9Y_WTSI/problems/chr5:49600000-91636128,12.971750259399414
H3K27ac-H3K4me3_TDHAM_BP/samples/GR1_H3K4me3/S00DKC_WTSI/problems/chr3:66270270-90504854,8.404760360717773
H3K27ac-H3K4me3_TDHAM_BP/samples/GR1_H3K4me3/S00DP2_WTSI/problems/chr5:49600000-91636128,9.527414321899414
H3K27ac-H3K4me3_TDHAM_BP/samples/GR1_H3K4me3/S00E9U_WTSI/problems/chr3:66270270-90504854,10.069354057312012
H3K27ac-H3K4me3_TDHAM_BP/samples/GR1_H3K4me3/S00FVJ_WTSI/problems/chr5:49600000-91636128,8.683176040649414
H3K27ac-H3K4me3_TDHAM_BP/samples/GR1_H3K4me3/S00G5U_WTSI/problems/chr5:49600000-91636128,8.280497550964355
H3K27ac-H3K4me3_TDHAM_BP/samples/GR1_H3K4me3/S00G7Q_WTSI/problems/chr3:66270270-90504854,12.735746383666992
H3K27ac-H3K4me3_TDHAM_BP/samples/GR1_H3K4me3/S00G9M_WTSI/problems/chr3:66270270-90504854,8.467589378356934
H3K27ac-H3K4me3_TDHAM_BP/samples/GR1_H3K4me3/S00GBI_WTSI/problems/chr3:66270270-90504854,8.126075744628906
H3K27ac-H3K4me3_TDHAM_BP/samples/GR2_H3K27ac/S002FT_NCMLS/problems/chr2:162200000-234003741,8.324260711669922
H3K27ac-H3K4me3_TDHAM_BP/samples/GR2_H3K27ac/S002KJ_NCMLS/problems/chr2:110251337-149690582,8.471992492675781
H3K27ac-H3K4me3_TDHAM_BP/samples/GR2_H3K27ac/S002KJ_NCMLS/problems/chr2:33200000-87000000,8.995986938476562
H3K27ac-H3K4me3_TDHAM_BP/samples/GR2_H3K27ac/S002KJ_NCMLS/problems/chr5:49600000-91636128,9.278667449951172
H3K27ac-H3K4me3_TDHAM_BP/samples/GR2_H3K27ac/S002MF_NCMLS/problems/chr2:110251337-149690582,12.72104263305664
H3K27ac-H3K4me3_TDHAM_BP/samples/GR2_H3K27ac/S002MF_NCMLS/problems/chr2:149790582-162100000,11.445354461669922
H3K27ac-H3K4me3_TDHAM_BP/samples/GR2_H3K27ac/S002MF_NCMLS/problems/chr2:33200000-87000000,8.281746864318848
H3K27ac-H3K4me3_TDHAM_BP/samples/GR2_H3K27ac/S002WW_NCMLS/problems/chr2:162200000-234003741,8.8605318069458
H3K27ac-H3K4me3_TDHAM_BP/samples/GR2_H3K27ac/S002XU_NCMLS/problems/chr2:162200000-234003741,8.15732192993164
H3K27ac-H3K4me3_TDHAM_BP/samples/GR2_H3K27ac/S002XU_NCMLS/problems/chr5:49600000-91636128,8.397912979125977
H3K27ac-H3K4me3_TDHAM_BP/samples/GR2_H3K27ac/S0032E_NCMLS/problems/chr2:110251337-149690582,8.315178871154785
H3K27ac-H3K4me3_TDHAM_BP/samples/GR2_H3K27ac/S0032E_NCMLS/problems/chr5:49600000-91636128,9.487383842468262
H3K27ac-H3K4me3_TDHAM_BP/samples/GR2_H3K27ac/S00382_NCMLS/problems/chr2:110251337-149690582,8.307021141052246
H3K27ac-H3K4me3_TDHAM_BP/samples/GR2_H3K27ac/S00382_NCMLS/problems/chr2:162200000-234003741,8.334075927734375
H3K27ac-H3K4me3_TDHAM_BP/samples/GR2_H3K27ac/S003AZ_NCMLS/problems/chr2:33200000-87000000,9.773119926452637
H3K27ac-H3K4me3_TDHAM_BP/samples/GR2_H3K27ac/S003AZ_NCMLS/problems/chr5:49600000-91636128,8.747574806213379
H3K27ac-H3K4me3_TDHAM_BP/samples/GR2_H3K27ac/S003JH_NCMLS/problems/chr5:49600000-91636128,8.677610397338867
H3K27ac-H3K4me3_TDHAM_BP/samples/GR2_H3K27ac/S003KF_NCMLS/problems/chr2:110251337-149690582,8.194478988647461
H3K27ac-H3K4me3_TDHAM_BP/samples/GR2_H3K27ac/S003MB_NCMLS/problems/chr2:149790582-162100000,8.383039474487305
H3K27ac-H3K4me3_TDHAM_BP/samples/GR2_H3K27ac/S003MB_NCMLS/problems/chr2:33200000-87000000,8.52210807800293
H3K27ac-H3K4me3_TDHAM_BP/samples/GR2_H3K27ac/S003P5_NCMLS/problems/chr2:33200000-87000000,9.661046028137207
H3K27ac-H3K4me3_TDHAM_BP/samples/GR2_H3K27ac/S003Q3_NCMLS/problems/chr5:49600000-91636128,8.9777193069458
H3K27ac-H3K4me3_TDHAM_BP/samples/GR2_H3K4me3/S00GSL_WTSI/problems/chr2:110251337-149690582,8.212194442749023
H3K27ac-H3K4me3_TDHAM_BP/samples/GR2_H3K4me3/S00GSL_WTSI/problems/chr5:49600000-91636128,9.229874610900879
H3K27ac-H3K4me3_TDHAM_BP/samples/GR2_H3K4me3/S00HE8_WTSI/problems/chr2:110251337-149690582,9.535759925842285
H3K27ac-H3K4me3_TDHAM_BP/samples/GR2_H3K4me3/S00HVB_WTSI/problems/chr2:33200000-87000000,8.440346717834473
H3K27ac-H3K4me3_TDHAM_BP/samples/GR2_H3K4me3/S00HVB_WTSI/problems/chr5:49600000-91636128,8.767531394958496
H3K27ac-H3K4me3_TDHAM_BP/samples/GR2_H3K4me3/S00J3M_WTSI/problems/chr3:66270270-90504854,8.249192237854004
H3K27ac-H3K4me3_TDHAM_BP/samples/GR2_H3K4me3/S00J3M_WTSI/problems/chr5:49600000-91636128,8.37270736694336
H3K27ac-H3K4me3_TDHAM_BP/samples/GR2_H3K4me3/S00J5I_WTSI/problems/chr3:66270270-90504854,8.541601181030273
H3K27ac-H3K4me3_TDHAM_BP/samples/GR2_H3K4me3/S00J9A_WTSI/problems/chr2:33200000-87000000,8.560638427734375
H3K27ac-H3K4me3_TDHAM_BP/samples/GR2_H3K4me3/S00J9A_WTSI/problems/chr5:49600000-91636128,8.39667797088623
H3K27ac-H3K4me3_TDHAM_BP/samples/GR2_H3K4me3/S00JA8_WTSI/problems/chr2:110251337-149690582,8.476079940795898
H3K27ac-H3K4me3_TDHAM_BP/samples/GR2_H3K4me3/S00JA8_WTSI/problems/chr2:33200000-87000000,8.656254768371582
H3K27ac-H3K4me3_TDHAM_BP/samples/GR2_H3K4me3/S00JA8_WTSI/problems/chr5:49600000-91636128,9.121763229370117
H3K27ac-H3K4me3_TDHAM_BP/samples/GR2_H3K4me3/S00JD2_WTSI/problems/chr2:33200000-87000000,8.51812744140625
H3K27ac-H3K4me3_TDHAM_BP/samples/GR2_H3K4me3/S00JT7_WTSI/problems/chr5:49600000-91636128,8.067102432250977
H3K27ac-H3K4me3_TDHAM_BP/samples/GR3_H3K27ac/S003R1_NCMLS/problems/chr5:49600000-91636128,9.202835083007812
H3K27ac-H3K4me3_TDHAM_BP/samples/GR3_H3K27ac/S0041C_NCMLS/problems/chr8:12141854-43500000,9.416312217712402
H3K27ac-H3K4me3_TDHAM_BP/samples/GR3_H3K27ac/S0064Z_NCMLS/problems/chr5:49600000-91636128,11.307783126831055
H3K27ac-H3K4me3_TDHAM_BP/samples/GR3_H3K27ac/S0064Z_NCMLS/problems/chr8:12141854-43500000,8.313932418823242
H3K27ac-H3K4me3_TDHAM_BP/samples/GR3_H3K27ac/S006UK_McGill/problems/chr8:12141854-43500000,10.834489822387695
H3K27ac-H3K4me3_TDHAM_BP/samples/GR3_H3K27ac/S006UK_NCMLS/problems/chr5:49600000-91636128,8.555317878723145
H3K27ac-H3K4me3_TDHAM_BP/samples/GR3_H3K27ac/S007CF_McGill/problems/chr5:49600000-91636128,9.734880447387695
H3K27ac-H3K4me3_TDHAM_BP/samples/GR3_H3K27ac/S007DD_NCMLS/problems/chr8:12141854-43500000,8.831719398498535
H3K27ac-H3K4me3_TDHAM_BP/samples/GR3_H3K4me3/S00KFV_WTSI/problems/chr3:60000-66170270,8.479666709899902
H3K27ac-H3K4me3_TDHAM_BP/samples/GR3_H3K4me3/S00KFV_WTSI/problems/chr5:49600000-91636128,8.529565811157227
H3K27ac-H3K4me3_TDHAM_BP/samples/GR3_H3K4me3/S00KHR_WTSI/problems/chr5:49600000-91636128,8.105730056762695
H3K27ac-H3K4me3_TDHAM_BP/samples/GR3_H3K4me3/S00M0G_WTSI/problems/chr3:60000-66170270,8.94302749633789
H3K27ac-H3K4me3_TDHAM_BP/samples/GR3_H3K4me3/S00M0G_WTSI/problems/chr5:49600000-91636128,8.606461524963379
H3K27ac-H3K4me3_TDHAM_BP/samples/GR3_H3K4me3/S00MBV_WTSI/problems/chr5:49600000-91636128,8.106840133666992
H3K27ac-H3K4me3_TDHAM_BP/samples/GR3_H3K4me3/S00N7Z_WTSI/problems/chr5:49600000-91636128,8.642708778381348
H3K27ac-H3K4me3_TDHAM_BP/samples/GR4_H3K27ac/S007G7_NCMLS/problems/chr16:46510000-88389383,8.470808029174805
H3K27ac-H3K4me3_TDHAM_BP/samples/GR4_H3K27ac/S007G7_NCMLS/problems/chr5:49600000-91636128,8.467580795288086
H3K27ac-H3K4me3_TDHAM_BP/samples/GR4_H3K27ac/S007PQ_NCMLS/problems/chr16:46510000-88389383,8.661741256713867
H3K27ac-H3K4me3_TDHAM_BP/samples/GR4_H3K27ac/S007VE_McGill/problems/chr5:49600000-91636128,8.763364791870117
H3K27ac-H3K4me3_TDHAM_BP/samples/GR4_H3K27ac/S007VE_NCMLS/problems/chr5:49600000-91636128,9.432966232299805
H3K27ac-H3K4me3_TDHAM_BP/samples/GR4_H3K27ac/S007WC_NCMLS/problems/chr5:49600000-91636128,12.93205451965332
H3K27ac-H3K4me3_TDHAM_BP/samples/GR4_H3K27ac/S00E9U_WTSI/problems/chr16:46510000-88389383,10.418045043945312
H3K27ac-H3K4me3_TDHAM_BP/samples/GR4_H3K27ac/S00FPV_WTSI/problems/chr5:49600000-91636128,8.758537292480469
H3K27ac-H3K4me3_TDHAM_BP/samples/GR4_H3K27ac/S00FUL_WTSI/problems/chr16:46510000-88389383,9.730385780334473
H3K27ac-H3K4me3_TDHAM_BP/samples/GR4_H3K27ac/S00FVJ_WTSI/problems/chr16:46510000-88389383,8.674958229064941
H3K27ac-H3K4me3_TDHAM_BP/samples/GR4_H3K27ac/S00G5U_WTSI/problems/chr5:49600000-91636128,9.306503295898438
H3K27ac-H3K4me3_TDHAM_BP/samples/GR4_H3K4me3/S00NHF_WTSI/problems/chr12:66500000-109373470,9.72036075592041
H3K27ac-H3K4me3_TDHAM_BP/samples/GR4_H3K4me3/S00NQY_WTSI/problems/chr12:66500000-109373470,9.1343994140625
H3K27ac-H3K4me3_TDHAM_BP/samples/GR4_H3K4me3/S00NRW_WTSI/problems/chr5:49600000-91636128,9.050840377807617
H3K27ac-H3K4me3_TDHAM_BP/samples/GR4_H3K4me3/S00NVO_WTSI/problems/chr12:66500000-109373470,9.407029151916504
H3K27ac-H3K4me3_TDHAM_BP/samples/GR4_H3K4me3/S00NVO_WTSI/problems/chr16:46510000-88389383,9.017068862915039
H3K27ac-H3K4me3_TDHAM_BP/samples/GR4_H3K4me3/S00P04_WTSI/problems/chr12:66500000-109373470,9.23548698425293
H3K27ac-H3K4me3_TDHAM_BP/samples/GR4_H3K4me3/S00P04_WTSI/problems/chr5:49600000-91636128,9.117938995361328
H3K27ac-H3K4me3_TDHAM_BP/samples/GR4_H3K4me3/S00P20_WTSI/problems/chr16:46510000-88389383,9.178762435913086
H3K27ac-H3K4me3_TDHAM_BP/samples/GR4_H3K4me3/S00P8P_WTSI/problems/chr12:66500000-109373470,9.80107307434082
H3K27ac-H3K4me3_TDHAM_BP/samples/GR4_H3K4me3/S00PBJ_WTSI/problems/chr16:46510000-88389383,9.09145450592041
H3K27ac-H3K4me3_TDHAM_BP/samples/GR4_H3K4me3/S00PCH_WTSI/problems/chr5:49600000-91636128,9.19515323638916
H3K27ac-H3K4me3_TDHAM_BP/samples/GR5_H3K27ac/S00GSL_WTSI/problems/chr5:49600000-91636128,8.267012596130371
H3K27ac-H3K4me3_TDHAM_BP/samples/GR5_H3K27ac/S00HE8_WTSI/problems/chr2:16329724-21153113,9.588358879089355
H3K27ac-H3K4me3_TDHAM_BP/samples/GR5_H3K27ac/S00J9A_WTSI/problems/chr2:16329724-21153113,8.727822303771973
H3K27ac-H3K4me3_TDHAM_BP/samples/GR5_H3K27ac/S00JA8_WTSI/problems/chr5:49600000-91636128,9.020496368408203
H3K27ac-H3K4me3_TDHAM_BP/samples/GR5_H3K27ac/S00JD2_WTSI/problems/chr2:16329724-21153113,9.542649269104004
H3K27ac-H3K4me3_TDHAM_BP/samples/GR5_H3K4me3/S00PK1_WTSI/problems/chr16:46510000-88389383,9.269753456115723
H3K27ac-H3K4me3_TDHAM_BP/samples/GR5_H3K4me3/S00PQQ_WTSI/problems/chr5:49600000-91636128,8.861346244812012
H3K27ac-H3K4me3_TDHAM_BP/samples/GR5_H3K4me3/S00PVG_WTSI/problems/chr16:46510000-88389383,9.328540802001953
H3K27ac-H3K4me3_TDHAM_BP/samples/GR5_H3K4me3/S00PWE_WTSI/problems/chr16:46510000-88389383,9.652621269226074
H3K27ac-H3K4me3_TDHAM_BP/samples/GR5_H3K4me3/S00PYA_WTSI/problems/chr16:46510000-88389383,9.013957977294922
H3K27ac-H3K4me3_TDHAM_BP/samples/GR5_H3K4me3/S00Q5R_WTSI/problems/chr16:46510000-88389383,8.88270378112793
H3K27ac-H3K4me3_TDHAM_BP/samples/GR5_H3K4me3/S00QE9_WTSI/problems/chr16:46510000-88389383,10.00169849395752
H3K27ac-H3K4me3_TDHAM_BP/samples/GR5_H3K4me3/S00QE9_WTSI/problems/chr5:49600000-91636128,8.598922729492188
H3K27ac-H3K4me3_TDHAM_BP/samples/GR6_H3K27ac/S00JU5_WTSI/problems/chr16:46510000-88389383,9.270323753356934
H3K27ac-H3K4me3_TDHAM_BP/samples/GR6_H3K27ac/S00JV3_WTSI/problems/chr16:46510000-88389383,8.229696273803711
H3K27ac-H3K4me3_TDHAM_BP/samples/GR6_H3K27ac/S00JYY_WTSI/problems/chr5:49600000-91636128,8.605453491210938
H3K27ac-H3K4me3_TDHAM_BP/samples/GR6_H3K27ac/S00K4G_WTSI/problems/chr5:49600000-91636128,8.357770919799805
H3K27ac-H3K4me3_TDHAM_BP/samples/GR6_H3K27ac/S00KFV_WTSI/problems/chr16:46510000-88389383,8.621861457824707
H3K27ac-H3K4me3_TDHAM_BP/samples/GR6_H3K27ac/S00KFV_WTSI/problems/chr5:49600000-91636128,8.95146656036377
H3K27ac-H3K4me3_TDHAM_BP/samples/GR6_H3K27ac/S00KKL_WTSI/problems/chr5:49600000-91636128,8.488373756408691
H3K27ac-H3K4me3_TDHAM_BP/samples/GR6_H3K27ac/S00M0G_WTSI/problems/chr5:49600000-91636128,8.723505973815918
H3K27ac-H3K4me3_TDHAM_BP/samples/GR6_H3K27ac/S00M1E_WTSI/problems/chr16:46510000-88389383,8.596941947937012
H3K27ac-H3K4me3_TDHAM_BP/samples/GR6_H3K4me3/S00RMQ_WTSI/problems/chr5:49600000-91636128,8.119410514831543
H3K27ac-H3K4me3_TDHAM_BP/samples/GR6_H3K4me3/S00S2P_WTSI/problems/chr5:49600000-91636128,9.765167236328125
H3K27ac-H3K4me3_TDHAM_BP/samples/GR6_H3K4me3/S00S4L_WTSI/problems/chr5:49600000-91636128,8.021194458007812
H3K27ac-H3K4me3_TDHAM_BP/samples/GR6_H3K4me3/S00S7F_WTSI/problems/chr5:49600000-91636128,9.508216857910156
H3K27ac-H3K4me3_TDHAM_BP/samples/GR7_H3K27ac/S00MBV_WTSI/problems/chr12:66500000-109373470,8.684449195861816
H3K27ac-H3K4me3_TDHAM_BP/samples/GR7_H3K27ac/S00N36_WTSI/problems/chr5:49600000-91636128,12.971748352050781
H3K27ac-H3K4me3_TDHAM_BP/samples/GR7_H3K27ac/S00N52_WTSI/problems/chr5:49600000-91636128,8.73384952545166
H3K27ac-H3K4me3_TDHAM_BP/samples/GR7_H3K27ac/S00N7Z_WTSI/problems/chr12:66500000-109373470,9.884296417236328
H3K27ac-H3K4me3_TDHAM_BP/samples/GR7_H3K27ac/S00N7Z_WTSI/problems/chr5:49600000-91636128,9.36141586303711
H3K27ac-H3K4me3_TDHAM_BP/samples/GR7_H3K27ac/S00NRW_WTSI/problems/chr5:49600000-91636128,8.543333053588867
H3K27ac-H3K4me3_TDHAM_BP/samples/GR7_H3K27ac/S00NUQ_WTSI/problems/chr5:49600000-91636128,9.025391578674316
H3K27ac-H3K4me3_TDHAM_BP/samples/GR7_H3K27ac/S00NXK_WTSI/problems/chr12:66500000-109373470,9.407426834106445
H3K27ac-H3K4me3_TDHAM_BP/samples/GR7_H3K4me3/S00SMM_WTSI/problems/chr2:162200000-234003741,8.24371337890625
H3K27ac-H3K4me3_TDHAM_BP/samples/GR7_H3K4me3/S00SV4_WTSI/problems/chr2:162200000-234003741,8.169082641601562
H3K27ac-H3K4me3_TDHAM_BP/samples/GR7_H3K4me3/S00SX0_WTSI/problems/chr12:66500000-109373470,8.133499145507812
H3K27ac-H3K4me3_TDHAM_BP/samples/GR7_H3K4me3/S00SX0_WTSI/problems/chr2:162200000-234003741,8.255977630615234
H3K27ac-H3K4me3_TDHAM_BP/samples/GR7_H3K4me3/S00SYZ_WTSI/problems/chr12:66500000-109373470,8.39309310913086
H3K27ac-H3K4me3_TDHAM_BP/samples/GR7_H3K4me3/S00T4H_WTSI/problems/chr12:66500000-109373470,8.845821380615234
H3K27ac-H3K4me3_TDHAM_BP/samples/GR7_H3K4me3/S00T6D_WTSI/problems/chr12:66500000-109373470,9.341445922851562
H3K27ac-H3K4me3_TDHAM_BP/samples/GR7_H3K4me3/S00T6D_WTSI/problems/chr2:162200000-234003741,8.670880317687988
H3K27ac-H3K4me3_TDHAM_BP/samples/GR7_H3K4me3/S00TT4_WTSI/problems/chr12:66500000-109373470,8.756523132324219
H3K27ac-H3K4me3_TDHAM_BP/samples/GR7_H3K4me3/S00U1J_WTSI/problems/chr2:162200000-234003741,8.393662452697754
H3K27ac-H3K4me3_TDHAM_BP/samples/GR7_H3K4me3/S00U1J_WTSI/problems/chr5:49600000-91636128,8.466200828552246
H3K27ac-H3K4me3_TDHAM_BP/samples/GR8_H3K27ac/S00PVG_WTSI/problems/chr5:49600000-91636128,8.371612548828125
H3K27ac-H3K4me3_TDHAM_BP/samples/GR8_H3K27ac/S00PYA_WTSI/problems/chr5:49600000-91636128,9.478240013122559
H3K27ac-H3K4me3_TDHAM_BP/samples/GR8_H3K27ac/S00Q6P_WTSI/problems/chr5:49600000-91636128,8.499502182006836
H3K27ac-H3K4me3_TDHAM_BP/samples/GR8_H3K4me3/S00U5B_WTSI/problems/chr5:49600000-91636128,8.367897987365723
H3K27ac-H3K4me3_TDHAM_BP/samples/GR8_H3K4me3/S00UKI_WTSI/problems/chr5:49600000-91636128,9.13489818572998
H3K27ac-H3K4me3_TDHAM_BP/samples/GR8_H3K4me3/S00V57_WTSI/problems/chr2:162200000-234003741,8.584358215332031
H3K27ac-H3K4me3_TDHAM_BP/samples/GR8_H3K4me3/S00V65_WTSI/problems/chr2:162200000-234003741,9.353556632995605
H3K27ac-H3K4me3_TDHAM_BP/samples/GR8_H3K4me3/S00VVT_WTSI/problems/chr5:49600000-91636128,8.417302131652832
H3K27ac-H3K4me3_TDHAM_BP/samples/GR8_H3K4me3/S00W45_WTSI/problems/chr2:162200000-234003741,8.773553848266602
H3K27ac-H3K4me3_TDHAM_BP/samples/GR8_H3K4me3/S00WKA_WTSI/problems/chr2:162200000-234003741,8.61765193939209
H3K27ac-H3K4me3_TDHAM_BP/samples/GR8_H3K4me3/S00WQZ_WTSI/problems/chr5:49600000-91636128,12.971729278564453
H3K27ac-H3K4me3_TDHAM_BP/samples/GR9_H3K27ac/S00QQM_WTSI/problems/chr5:49600000-91636128,9.536539077758789
H3K27ac-H3K4me3_TDHAM_BP/samples/GR9_H3K27ac/S00QRK_WTSI/problems/chr5:49600000-91636128,9.374083518981934
H3K27ac-H3K4me3_TDHAM_BP/samples/GR9_H3K27ac/S00R0X_WTSI/problems/chr5:49600000-91636128,8.962486267089844
H3K27ac-H3K4me3_TDHAM_BP/samples/GR9_H3K27ac/S00R1V_WTSI/problems/chr5:49600000-91636128,11.441108703613281
H3K27ac-H3K4me3_TDHAM_BP/samples/GR9_H3K27ac/S00RD7_WTSI/problems/chr5:49600000-91636128,9.210061073303223
H3K27ac-H3K4me3_TDHAM_BP/samples/GR9_H3K4me3/S00WTT_WTSI/problems/chr2:162200000-234003741,9.24034309387207
H3K27ac-H3K4me3_TDHAM_BP/samples/GR9_H3K4me3/S00WTT_WTSI/problems/chr5:49600000-91636128,9.236058235168457
H3K27ac-H3K4me3_TDHAM_BP/samples/GR9_H3K4me3/S00XGE_WTSI/problems/chr2:162200000-234003741,9.043793678283691
H3K27ac-H3K4me3_TDHAM_BP/samples/GR9_H3K4me3/S00XK6_WTSI/problems/chr5:49600000-91636128,8.782362937927246
H3K27ac-H3K4me3_TDHAM_BP/samples/GR9_H3K4me3/S00YBK_WTSI/problems/chr2:162200000-234003741,8.294612884521484
H3K27ac-H3K4me3_TDHAM_BP/samples/GR9_H3K4me3/S00YCI_WTSI/problems/chr2:162200000-234003741,9.045255661010742
H3K27ac-H3K4me3_TDHAM_BP/samples/GR9_H3K4me3/S00YK2_WTSI/problems/chr5:49600000-91636128,12.971600532531738
H3K27ac-H3K4me3_TDHAM_BP/samples/Input/S000X1_NCMLS_Mono/problems/chr10:51448845-125869472,12.971750259399414
H3K27ac-H3K4me3_TDHAM_BP/samples/Input/S000X1_NCMLS_Mono/problems/chr3:60000-66170270,12.971750259399414
H3K27ac-H3K4me3_TDHAM_BP/samples/Input/S001C2_NCMLS_Mono/problems/chr10:51448845-125869472,12.971750259399414
H3K27ac-H3K4me3_TDHAM_BP/samples/Input/S001C2_NCMLS_Mono/problems/chr11:60000-580000,10.131232261657715
H3K27ac-H3K4me3_TDHAM_BP/samples/Input/S001C2_NCMLS_Mono/problems/chr2:33200000-87000000,12.971748352050781
H3K27ac-H3K4me3_TDHAM_BP/samples/Input/S001C2_NCMLS_Mono/problems/chr8:87000000-142766515,12.971750259399414
H3K27ac-H3K4me3_TDHAM_BP/samples/Input/S001GV_NCMLS_GR/problems/chr10:51448845-125869472,12.971750259399414
H3K27ac-H3K4me3_TDHAM_BP/samples/Input/S001GV_NCMLS_GR/problems/chr2:33200000-87000000,12.971750259399414
H3K27ac-H3K4me3_TDHAM_BP/samples/Input/S001GV_NCMLS_GR/problems/chr6:160530000-167942073,12.958934783935547
H3K27ac-H3K4me3_TDHAM_BP/samples/Input/S001GV_NCMLS_Mono/problems/chr2:149790582-162100000,12.97172737121582
H3K27ac-H3K4me3_TDHAM_BP/samples/Input/S001GV_NCMLS_Mono/problems/chr4:10000-1423146,8.608193397521973
H3K27ac-H3K4me3_TDHAM_BP/samples/Input/S001NH_NCMLS_GR/problems/chr10:51448845-125869472,12.971750259399414
H3K27ac-H3K4me3_TDHAM_BP/samples/Input/S001NH_NCMLS_GR/problems/chr11:60000-580000,12.568765640258789
H3K27ac-H3K4me3_TDHAM_BP/samples/Input/S001NH_NCMLS_GR/problems/chr6:160530000-167942073,12.951576232910156
H3K27ac-H3K4me3_TDHAM_BP/samples/Input/S001NH_NCMLS_Mono/problems/chr10:51448845-125869472,12.971750259399414
H3K27ac-H3K4me3_TDHAM_BP/samples/Input/S001NH_NCMLS_Mono/problems/chr2:149790582-162100000,12.971745491027832
H3K27ac-H3K4me3_TDHAM_BP/samples/Input/S001NH_NCMLS_Mono/problems/chr2:33200000-87000000,12.971750259399414
H3K27ac-H3K4me3_TDHAM_BP/samples/Input/S001NH_NCMLS_Mono/problems/chr3:60000-66170270,12.971750259399414
H3K27ac-H3K4me3_TDHAM_BP/samples/Input/S0021K_McGill_nTC/problems/chr2:110251337-149690582,12.970690727233887
H3K27ac-H3K4me3_TDHAM_BP/samples/Input/S0021K_McGill_nTC/problems/chr2:33200000-87000000,12.971750259399414
H3K27ac-H3K4me3_TDHAM_BP/samples/Input/S0021K_McGill_nTC/problems/chr3:60000-66170270,12.971750259399414
H3K27ac-H3K4me3_TDHAM_BP/samples/Input/S0021K_McGill_nTC/problems/chr4:10000-1423146,8.820817947387695
H3K27ac-H3K4me3_TDHAM_BP/samples/Input/S0026A_McGill_Mono/problems/chr11:60000-580000,12.404315948486328
H3K27ac-H3K4me3_TDHAM_BP/samples/Input/S0026A_McGill_Mono/problems/chr2:33200000-87000000,12.925149917602539
H3K27ac-H3K4me3_TDHAM_BP/samples/Input/S0026A_McGill_Mono/problems/chr5:49600000-91636128,12.71031379699707
H3K27ac-H3K4me3_TDHAM_BP/samples/Input/S0026A_McGill_Mono/problems/chr8:87000000-142766515,12.943346977233887
H3K27ac-H3K4me3_TDHAM_BP/samples/Input/S00294_NCMLS_GR/problems/chr10:60000-17974675,12.971748352050781
H3K27ac-H3K4me3_TDHAM_BP/samples/Input/S00294_NCMLS_GR/problems/chr11:60000-580000,12.568765640258789
H3K27ac-H3K4me3_TDHAM_BP/samples/Input/S00294_NCMLS_GR/problems/chr2:162200000-234003741,12.971750259399414
H3K27ac-H3K4me3_TDHAM_BP/samples/Input/S00294_NCMLS_GR/problems/chr6:160530000-167942073,12.948801040649414
H3K27ac-H3K4me3_TDHAM_BP/samples/Input/S00294_NCMLS_Mono/problems/chr4:10000-1423146,8.969097137451172
H3K27ac-H3K4me3_TDHAM_BP/samples/Input/S002EV_McGill_nTC/problems/chr11:60000-580000,13.748714447021484
H3K27ac-H3K4me3_TDHAM_BP/samples/Input/S002EV_McGill_nTC/problems/chr1:206482221-223747846,12.966890335083008
H3K27ac-H3K4me3_TDHAM_BP/samples/Input/S002EV_McGill_nTC/problems/chr2:149790582-162100000,12.917386054992676
H3K27ac-H3K4me3_TDHAM_BP/samples/Input/S002EV_McGill_nTC/problems/chr2:33200000-87000000,12.971750259399414
H3K27ac-H3K4me3_TDHAM_BP/samples/Input/S002EV_McGill_nTC/problems/chr4:10000-1423146,8.820817947387695
H3K27ac-H3K4me3_TDHAM_BP/samples/Input/S002EV_McGill_nTC/problems/chr4:75452279-190000000,12.971750259399414
H3K27ac-H3K4me3_TDHAM_BP/samples/Input/S002EV_McGill_nTC/problems/chr6:160530000-167942073,11.240174293518066
H3K27ac-H3K4me3_TDHAM_BP/samples/Input/S002EV_McGill_nTC/problems/chr8:87000000-142766515,12.971750259399414
H3K27ac-H3K4me3_TDHAM_BP/samples/Input/S002FT_McGill_Mono/problems/chr1:206482221-223747846,12.945558547973633
H3K27ac-H3K4me3_TDHAM_BP/samples/Input/S002FT_McGill_Mono/problems/chr2:149790582-162100000,12.864433288574219
H3K27ac-H3K4me3_TDHAM_BP/samples/Input/S002FT_McGill_Mono/problems/chr4:10000-1423146,8.78834342956543
H3K27ac-H3K4me3_TDHAM_BP/samples/Input/S002FT_McGill_Mono/problems/chr8:87000000-142766515,12.971750259399414
H3K27ac-H3K4me3_TDHAM_BP/samples/Input/S002KJ_McGill_Mono/problems/chr10:51448845-125869472,12.971750259399414
H3K27ac-H3K4me3_TDHAM_BP/samples/Input/S002KJ_McGill_Mono/problems/chr1:30028082-91800000,12.971750259399414
H3K27ac-H3K4me3_TDHAM_BP/samples/Input/S002KJ_McGill_Mono/problems/chr4:10000-1423146,8.820817947387695
H3K27ac-H3K4me3_TDHAM_BP/samples/Input/S002KJ_McGill_Mono/problems/chr8:87000000-142766515,12.971750259399414
H3K27ac-H3K4me3_TDHAM_BP/samples/Input/S002KJ_NCMLS_GR/problems/chr10:51448845-125869472,12.971750259399414
H3K27ac-H3K4me3_TDHAM_BP/samples/Input/S002KJ_NCMLS_GR/problems/chr1:206482221-223747846,12.971750259399414
H3K27ac-H3K4me3_TDHAM_BP/samples/Input/S002KJ_NCMLS_GR/problems/chr2:110251337-149690582,12.971748352050781
H3K27ac-H3K4me3_TDHAM_BP/samples/Input/S002KJ_NCMLS_GR/problems/chr2:162200000-234003741,12.971750259399414
H3K27ac-H3K4me3_TDHAM_BP/samples/Input/S002KJ_NCMLS_GR/problems/chr2:33200000-87000000,12.971750259399414
H3K27ac-H3K4me3_TDHAM_BP/samples/Input/S002KJ_NCMLS_GR/problems/chr3:60000-66170270,12.971750259399414
H3K27ac-H3K4me3_TDHAM_BP/samples/Input/S002KJ_NCMLS_GR/problems/chr4:75452279-190000000,12.971750259399414
H3K27ac-H3K4me3_TDHAM_BP/samples/Input/S002KJ_NCMLS_Mono/problems/chr11:60000-580000,13.748714447021484
H3K27ac-H3K4me3_TDHAM_BP/samples/Input/S002KJ_NCMLS_Mono/problems/chr2:149790582-162100000,12.97037124633789
H3K27ac-H3K4me3_TDHAM_BP/samples/Input/S002KJ_NCMLS_Mono/problems/chr2:33200000-87000000,12.971750259399414
H3K27ac-H3K4me3_TDHAM_BP/samples/Input/S002KJ_NCMLS_Mono/problems/chr3:60000-66170270,12.971750259399414
H3K27ac-H3K4me3_TDHAM_BP/samples/Input/S002KJ_NCMLS_Mono/problems/chr8:87000000-142766515,12.971750259399414
H3K27ac-H3K4me3_TDHAM_BP/samples/Input/S00382_McGill_nTC/problems/chr11:60000-580000,13.748714447021484
H3K27ac-H3K4me3_TDHAM_BP/samples/Input/S00382_McGill_nTC/problems/chr2:149790582-162100000,12.843050003051758
H3K27ac-H3K4me3_TDHAM_BP/samples/Input/S00382_McGill_nTC/problems/chr8:87000000-142766515,12.971750259399414
H3K27ac-H3K4me3_TDHAM_BP/samples/Input/S0064Z_McGill_nTC/problems/chr10:51448845-125869472,12.971750259399414
H3K27ac-H3K4me3_TDHAM_BP/samples/Input/S0064Z_McGill_nTC/problems/chr11:60000-580000,13.748714447021484
H3K27ac-H3K4me3_TDHAM_BP/samples/Input/S0064Z_McGill_nTC/problems/chr3:60000-66170270,12.971750259399414
H3K27ac-H3K4me3_TDHAM_BP/samples/Input/S0064Z_McGill_nTC/problems/chr6:160530000-167942073,10.68798542022705
H3K27ac-H3K4me3_TDHAM_BP/samples/Input/S006UK_McGill_GR/problems/chr10:60000-17974675,9.781779289245605
H3K27ac-H3K4me3_TDHAM_BP/samples/Input/S006UK_McGill_GR/problems/chr2:33200000-87000000,12.887128829956055
H3K27ac-H3K4me3_TDHAM_BP/samples/Input/S006UK_McGill_GR/problems/chr3:60000-66170270,12.948801040649414
H3K27ac-H3K4me3_TDHAM_BP/samples/Input/S006UK_McGill_GR/problems/chr6:160530000-167942073,9.164102554321289
H3K27ac-H3K4me3_TDHAM_BP/samples/Input/S007CF_McGill_GR/problems/chr10:51448845-125869472,12.971750259399414
H3K27ac-H3K4me3_TDHAM_BP/samples/Input/S007CF_McGill_GR/problems/chr2:110251337-149690582,12.971184730529785
H3K27ac-H3K4me3_TDHAM_BP/samples/Input/S007CF_McGill_GR/problems/chr5:49600000-91636128,12.971748352050781
H3K27ac-H3K4me3_TDHAM_BP/samples/Input/S007CF_McGill_GR/problems/chr6:160530000-167942073,10.435901641845703
H3K27ac-H3K4me3_TDHAM_BP/samples/Input/S007VE_McGill_GR/problems/chr10:51448845-125869472,12.97157096862793
H3K27ac-H3K4me3_TDHAM_BP/samples/Input/S007VE_McGill_GR/problems/chr1:206482221-223747846,10.68798542022705
H3K27ac-H3K4me3_TDHAM_BP/samples/Input/S007VE_McGill_GR/problems/chr2:162200000-234003741,12.971671104431152
H3K27ac-H3K4me3_TDHAM_BP/samples/Input/S007VE_McGill_GR/problems/chr5:49600000-91636128,12.954486846923828
H3K27ac-H3K4me3_TDHAM_BP/samples/Input/S00D9Y_McGill_nTC/problems/chr10:60000-17974675,12.965014457702637
H3K27ac-H3K4me3_TDHAM_BP/samples/Input/S00D9Y_McGill_nTC/problems/chr2:110251337-149690582,12.967864036560059
H3K27ac-H3K4me3_TDHAM_BP/samples/Input/S00D9Y_McGill_nTC/problems/chr2:33200000-87000000,12.971750259399414
H3K27ac-H3K4me3_TDHAM_BP/samples/Input/S00D9Y_McGill_nTC/problems/chr4:10000-1423146,8.809932708740234
H3K27ac-H3K4me3_TDHAM_BP/samples/Input/S00D9Y_McGill_nTC/problems/chr5:49600000-91636128,12.971748352050781
H3K27ac-H3K4me3_TDHAM_BP/samples/Input/S00D9Y_McGill_nTC/problems/chr6:160530000-167942073,11.050956726074219
H3K27ac-H3K4me3_TDHAM_BP/samples/Input/S00DKC_McGill_nTC/problems/chr10:51448845-125869472,12.971750259399414
H3K27ac-H3K4me3_TDHAM_BP/samples/Input/S00DKC_McGill_nTC/problems/chr2:149790582-162100000,12.540470123291016
H3K27ac-H3K4me3_TDHAM_BP/samples/Input/S00DKC_McGill_nTC/problems/chr5:49600000-91636128,12.971745491027832
H3K27ac-H3K4me3_TDHAM_BP/samples/Input/S00DQ0_McGill_nTC/problems/chr4:75452279-190000000,12.971750259399414
H3K27ac-H3K4me3_TDHAM_BP/samples/Input/S00E9U_McGill_nTC/problems/chr1:206482221-223747846,12.966076850891113
H3K27ac-H3K4me3_TDHAM_BP/samples/Input/S00E9U_McGill_nTC/problems/chr2:162200000-234003741,12.971750259399414
H3K27ac-H3K4me3_TDHAM_BP/samples/Input/S00E9U_McGill_nTC/problems/chr4:10000-1423146,8.868725776672363
H3K27ac-H3K4me3_TDHAM_BP/samples/Input/S00E9U_McGill_nTC/problems/chr4:75452279-190000000,12.971750259399414
H3K27ac-H3K4me3_TDHAM_BP/samples/Input/S00E9U_McGill_nTC/problems/chr5:49600000-91636128,12.971750259399414
H3K27ac-H3K4me3_TDHAM_BP/samples/Input/S00G7Q_McGill_nTC/problems/chr2:33200000-87000000,12.971750259399414
H3K27ac-H3K4me3_TDHAM_BP/samples/Input/S00G7Q_McGill_nTC/problems/chr4:10000-1423146,8.58139705657959
H3K27ac-H3K4me3_TDHAM_BP/samples/Input/S00G7Q_McGill_nTC/problems/chr8:87000000-142766515,12.971750259399414
H3K27ac-H3K4me3_TDHAM_BP/samples/Input/S00GBI_McGill_nTC/problems/chr1:30028082-91800000,12.971750259399414
H3K27ac-H3K4me3_TDHAM_BP/samples/Input/S00GBI_McGill_nTC/problems/chr2:33200000-87000000,12.971750259399414
H3K27ac-H3K4me3_TDHAM_BP/samples/Input/S00GBI_McGill_nTC/problems/chr4:10000-1423146,8.809932708740234
H3K27ac-H3K4me3_TDHAM_BP/samples/Input/S00GBI_McGill_nTC/problems/chr6:160530000-167942073,10.68798542022705
H3K27ac-H3K4me3_TDHAM_BP/samples/Input/S00GEC_McGill_nTC/problems/chr11:60000-580000,13.748714447021484
H3K27ac-H3K4me3_TDHAM_BP/samples/Input/S00GEC_McGill_nTC/problems/chr2:162200000-234003741,12.971750259399414
H3K27ac-H3K4me3_TDHAM_BP/samples/Input/S00GEC_McGill_nTC/problems/chr8:87000000-142766515,12.971750259399414
H3K27ac-H3K4me3_TDHAM_BP/samples/Input/S00GSL_McGill_nTC/problems/chr10:60000-17974675,12.97135066986084
H3K27ac-H3K4me3_TDHAM_BP/samples/Input/S00GSL_McGill_nTC/problems/chr11:60000-580000,12.568765640258789
H3K27ac-H3K4me3_TDHAM_BP/samples/Input/S00GSL_McGill_nTC/problems/chr5:49600000-91636128,12.971750259399414
H3K27ac-H3K4me3_TDHAM_BP/samples/Input/S00GSL_McGill_nTC/problems/chr8:87000000-142766515,12.971750259399414
H3K27ac-H3K4me3_TDHAM_BP/samples/Input/S00GWD_McGill_nTC/problems/chr10:51448845-125869472,12.971750259399414
H3K27ac-H3K4me3_TDHAM_BP/samples/Input/S00GWD_McGill_nTC/problems/chr1:206482221-223747846,12.969930648803711
H3K27ac-H3K4me3_TDHAM_BP/samples/Input/S00GWD_McGill_nTC/problems/chr1:30028082-91800000,12.971750259399414
H3K27ac-H3K4me3_TDHAM_BP/samples/Input/S00GWD_McGill_nTC/problems/chr3:60000-66170270,12.971750259399414
H3K27ac-H3K4me3_TDHAM_BP/samples/Input/S00GWD_McGill_nTC/problems/chr4:10000-1423146,8.868725776672363
H3K27ac-H3K4me3_TDHAM_BP/samples/Input/S00HVB_McGill_nTC/problems/chr10:51448845-125869472,12.971750259399414
H3K27ac-H3K4me3_TDHAM_BP/samples/Input/S00HVB_McGill_nTC/problems/chr10:60000-17974675,12.96650505065918
H3K27ac-H3K4me3_TDHAM_BP/samples/Input/S00HVB_McGill_nTC/problems/chr8:87000000-142766515,12.971750259399414
H3K27ac-H3K4me3_TDHAM_BP/samples/Input/S00JT7_McGill_nTC/problems/chr10:51448845-125869472,12.971750259399414
H3K27ac-H3K4me3_TDHAM_BP/samples/Input/S00JT7_McGill_nTC/problems/chr11:60000-580000,13.748714447021484
H3K27ac-H3K4me3_TDHAM_BP/samples/Input/S00JT7_McGill_nTC/problems/chr4:75452279-190000000,12.971750259399414
H3K27ac-H3K4me3_TDHAM_BP/samples/Input/S00JT7_McGill_nTC/problems/chr6:160530000-167942073,9.887303352355957
H3K27ac-H3K4me3_TDHAM_BP/samples/Input/S00JYY_McGill_nTC/problems/chr1:206482221-223747846,12.945558547973633
H3K27ac-H3K4me3_TDHAM_BP/samples/Input/S00JYY_McGill_nTC/problems/chr3:60000-66170270,12.971750259399414
H3K27ac-H3K4me3_TDHAM_BP/samples/Input/S00JYY_McGill_nTC/problems/chr4:10000-1423146,8.76043701171875
H3K27ac-H3K4me3_TDHAM_BP/samples/Input/S00JYY_McGill_nTC/problems/chr4:75452279-190000000,12.971750259399414
H3K27ac-H3K4me3_TDHAM_BP/samples/Input/S00JYY_McGill_nTC/problems/chr5:49600000-91636128,12.971748352050781
H3K27ac-H3K4me3_TDHAM_BP/samples/Input/S00JYY_McGill_nTC/problems/chr8:87000000-142766515,12.971750259399414
H3K27ac-H3K4me3_TDHAM_BP/samples/Input/S00KEX_McGill_nTC/problems/chr1:206482221-223747846,12.898111343383789
H3K27ac-H3K4me3_TDHAM_BP/samples/Input/S00KEX_McGill_nTC/problems/chr2:110251337-149690582,12.955591201782227
H3K27ac-H3K4me3_TDHAM_BP/samples/Input/S00KEX_McGill_nTC/problems/chr5:49600000-91636128,12.971739768981934
H3K27ac-H3K4me3_TDHAM_BP/samples/Mono10_H3K27ac/S00S2P_WTSI/problems/chr5:49600000-91636128,8.570456504821777
H3K27ac-H3K4me3_TDHAM_BP/samples/Mono10_H3K27ac/S00S4L_WTSI/problems/chr5:49600000-91636128,8.342105865478516
H3K27ac-H3K4me3_TDHAM_BP/samples/Mono10_H3K27ac/S00SE1_WTSI/problems/chr4:52660117-59739333,8.350166320800781
H3K27ac-H3K4me3_TDHAM_BP/samples/Mono10_H3K27ac/S00SJS_WTSI/problems/chr5:49600000-91636128,8.347317695617676
H3K27ac-H3K4me3_TDHAM_BP/samples/Mono10_H3K27ac/S00SMM_WTSI/problems/chr4:52660117-59739333,8.244342803955078
H3K27ac-H3K4me3_TDHAM_BP/samples/Mono10_H3K27ac/S00SV4_WTSI/problems/chr4:52660117-59739333,8.3501615524292
H3K27ac-H3K4me3_TDHAM_BP/samples/Mono10_H3K27ac/S00SYZ_WTSI/problems/chr5:49600000-91636128,8.436224937438965
H3K27ac-H3K4me3_TDHAM_BP/samples/Mono11_H3K27ac/S00U1J_WTSI/problems/chr5:49600000-91636128,8.608795166015625
H3K27ac-H3K4me3_TDHAM_BP/samples/Mono11_H3K27ac/S00VVT_WTSI/problems/chr5:49600000-91636128,8.58881950378418
H3K27ac-H3K4me3_TDHAM_BP/samples/Mono12_H3K27ac/S00W45_WTSI/problems/chr5:49600000-91636128,8.304901123046875
H3K27ac-H3K4me3_TDHAM_BP/samples/Mono12_H3K27ac/S00WKA_WTSI/problems/chr5:49600000-91636128,8.42182731628418
H3K27ac-H3K4me3_TDHAM_BP/samples/Mono12_H3K27ac/S00WTT_WTSI/problems/chr5:49600000-91636128,8.458666801452637
H3K27ac-H3K4me3_TDHAM_BP/samples/Mono12_H3K27ac/S00XGE_WTSI/problems/chr5:49600000-91636128,12.971750259399414
H3K27ac-H3K4me3_TDHAM_BP/samples/Mono12_H3K27ac/S00YEE_WTSI/problems/chr5:49600000-91636128,8.55327033996582
H3K27ac-H3K4me3_TDHAM_BP/samples/Mono12_H3K27ac/S00YK2_WTSI/problems/chr5:49600000-91636128,12.97169303894043
H3K27ac-H3K4me3_TDHAM_BP/samples/Mono1_H3K27ac/S000GZ_NCMLS/problems/chr10:51448845-125869472,7.731926441192627
H3K27ac-H3K4me3_TDHAM_BP/samples/Mono1_H3K27ac/S000GZ_NCMLS/problems/chr10:60000-17974675,8.628031730651855
H3K27ac-H3K4me3_TDHAM_BP/samples/Mono1_H3K27ac/S000GZ_NCMLS/problems/chr11:55100000-69089801,8.350473403930664
H3K27ac-H3K4me3_TDHAM_BP/samples/Mono1_H3K27ac/S000GZ_NCMLS/problems/chr5:49600000-91636128,8.195125579833984
H3K27ac-H3K4me3_TDHAM_BP/samples/Mono1_H3K27ac/S000GZ_NCMLS/problems/chr8:87000000-142766515,8.593605041503906
H3K27ac-H3K4me3_TDHAM_BP/samples/Mono1_H3K27ac/S000X1_NCMLS/problems/chr1:206482221-223747846,8.548315048217773
H3K27ac-H3K4me3_TDHAM_BP/samples/Mono1_H3K27ac/S000X1_NCMLS/problems/chr8:12141854-43500000,8.77584171295166
H3K27ac-H3K4me3_TDHAM_BP/samples/Mono1_H3K27ac/S0010Q_NCMLS/problems/chr10:51448845-125869472,8.317059516906738
H3K27ac-H3K4me3_TDHAM_BP/samples/Mono1_H3K27ac/S0010Q_NCMLS/problems/chr6:160530000-167942073,8.70251178741455
H3K27ac-H3K4me3_TDHAM_BP/samples/Mono1_H3K27ac/S0010Q_NCMLS/problems/chr8:12141854-43500000,9.795973777770996
H3K27ac-H3K4me3_TDHAM_BP/samples/Mono1_H3K27ac/S0012M_NCMLS/problems/chr11:55100000-69089801,8.80176830291748
H3K27ac-H3K4me3_TDHAM_BP/samples/Mono1_H3K27ac/S0012M_NCMLS/problems/chr11:60000-580000,8.23239803314209
H3K27ac-H3K4me3_TDHAM_BP/samples/Mono1_H3K27ac/S0012M_NCMLS/problems/chr3:60000-66170270,8.288755416870117
H3K27ac-H3K4me3_TDHAM_BP/samples/Mono1_H3K27ac/S0012M_NCMLS/problems/chr5:49600000-91636128,8.42947769165039
H3K27ac-H3K4me3_TDHAM_BP/samples/Mono1_H3K27ac/S0012M_NCMLS/problems/chr6:160530000-167942073,8.859127044677734
H3K27ac-H3K4me3_TDHAM_BP/samples/Mono1_H3K27ac/S001C2_NCMLS/problems/chr11:55100000-69089801,8.589508056640625
H3K27ac-H3K4me3_TDHAM_BP/samples/Mono1_H3K27ac/S001C2_NCMLS/problems/chr5:49600000-91636128,8.193388938903809
H3K27ac-H3K4me3_TDHAM_BP/samples/Mono1_H3K27ac/S001GV_NCMLS/problems/chr10:60000-17974675,8.402469635009766
H3K27ac-H3K4me3_TDHAM_BP/samples/Mono1_H3K27ac/S001GV_NCMLS/problems/chr11:60000-580000,8.015225410461426
H3K27ac-H3K4me3_TDHAM_BP/samples/Mono1_H3K27ac/S001GV_NCMLS/problems/chr6:160530000-167942073,8.692548751831055
H3K27ac-H3K4me3_TDHAM_BP/samples/Mono1_H3K27ac/S001KN_NCMLS/problems/chr11:60000-580000,8.146031379699707
H3K27ac-H3K4me3_TDHAM_BP/samples/Mono1_H3K27ac/S001KN_NCMLS/problems/chr3:60000-66170270,8.331178665161133
H3K27ac-H3K4me3_TDHAM_BP/samples/Mono1_H3K27ac/S001KN_NCMLS/problems/chr8:87000000-142766515,8.927520751953125
H3K27ac-H3K4me3_TDHAM_BP/samples/Mono1_H3K27ac/S001NH_NCMLS/problems/chr10:51448845-125869472,7.6532182693481445
H3K27ac-H3K4me3_TDHAM_BP/samples/Mono1_H3K27ac/S001NH_NCMLS/problems/chr8:12141854-43500000,8.523055076599121
H3K27ac-H3K4me3_TDHAM_BP/samples/Mono1_H3K27ac/S001NH_NCMLS/problems/chr8:87000000-142766515,8.24851131439209
H3K27ac-H3K4me3_TDHAM_BP/samples/Mono1_H3K27ac/S001T5_NCMLS/problems/chr6:160530000-167942073,9.459711074829102
H3K27ac-H3K4me3_TDHAM_BP/samples/Mono1_H3K27ac/S001T5_NCMLS/problems/chr8:12141854-43500000,13.912393569946289
H3K27ac-H3K4me3_TDHAM_BP/samples/Mono1_H3K27ac/S0020M_NCMLS/problems/chr10:51448845-125869472,8.095547676086426
H3K27ac-H3K4me3_TDHAM_BP/samples/Mono1_H3K27ac/S0020M_NCMLS/problems/chr11:60000-580000,7.956109046936035
H3K27ac-H3K4me3_TDHAM_BP/samples/Mono1_H3K27ac/S0020M_NCMLS/problems/chr3:60000-66170270,8.255825996398926
H3K27ac-H3K4me3_TDHAM_BP/samples/Mono1_H3K27ac/S0020M_NCMLS/problems/chr4:10000-1423146,8.300670623779297
H3K27ac-H3K4me3_TDHAM_BP/samples/Mono1_H3K27ac/S0020M_NCMLS/problems/chr6:160530000-167942073,8.688704490661621
H3K27ac-H3K4me3_TDHAM_BP/samples/Mono1_H3K27ac/S0020M_NCMLS/problems/chr8:12141854-43500000,8.028557777404785
H3K27ac-H3K4me3_TDHAM_BP/samples/Mono1_H3K27ac/S0020M_NCMLS/problems/chr8:87000000-142766515,8.485478401184082
H3K27ac-H3K4me3_TDHAM_BP/samples/Mono1_H3K27ac/S0021K_NCMLS/problems/chr6:160530000-167942073,8.720131874084473
H3K27ac-H3K4me3_TDHAM_BP/samples/Mono1_H3K27ac/S0026A_McGill/problems/chr10:60000-17974675,8.910889625549316
H3K27ac-H3K4me3_TDHAM_BP/samples/Mono1_H3K27ac/S0026A_McGill/problems/chr11:60000-580000,7.860766887664795
H3K27ac-H3K4me3_TDHAM_BP/samples/Mono1_H3K27ac/S0026A_McGill/problems/chr1:206482221-223747846,10.524066925048828
H3K27ac-H3K4me3_TDHAM_BP/samples/Mono1_H3K27ac/S0026A_McGill/problems/chr1:30028082-91800000,10.371511459350586
H3K27ac-H3K4me3_TDHAM_BP/samples/Mono1_H3K27ac/S0026A_NCMLS/problems/chr10:60000-17974675,8.5901517868042
H3K27ac-H3K4me3_TDHAM_BP/samples/Mono1_H3K27ac/S0026A_NCMLS/problems/chr11:55100000-69089801,7.750324249267578
H3K27ac-H3K4me3_TDHAM_BP/samples/Mono1_H3K27ac/S0026A_NCMLS/problems/chr4:10000-1423146,8.610791206359863
H3K27ac-H3K4me3_TDHAM_BP/samples/Mono1_H3K27ac/S0026A_NCMLS/problems/chr4:75452279-190000000,8.476370811462402
H3K27ac-H3K4me3_TDHAM_BP/samples/Mono1_H3K27ac/S0026A_NCMLS/problems/chr8:12141854-43500000,8.965593338012695
H3K27ac-H3K4me3_TDHAM_BP/samples/Mono1_H3K27ac/S00278_NCMLS/problems/chr1:30028082-91800000,8.283557891845703
H3K27ac-H3K4me3_TDHAM_BP/samples/Mono1_H3K27ac/S00278_NCMLS/problems/chr4:10000-1423146,8.265095710754395
H3K27ac-H3K4me3_TDHAM_BP/samples/Mono1_H3K27ac/S00278_NCMLS/problems/chr8:87000000-142766515,8.352900505065918
H3K27ac-H3K4me3_TDHAM_BP/samples/Mono1_H3K27ac/S00294_NCMLS/problems/chr10:51448845-125869472,8.365235328674316
H3K27ac-H3K4me3_TDHAM_BP/samples/Mono1_H3K27ac/S00294_NCMLS/problems/chr3:60000-66170270,8.305509567260742
H3K27ac-H3K4me3_TDHAM_BP/samples/Mono1_H3K27ac/S00294_NCMLS/problems/chr4:75452279-190000000,8.621301651000977
H3K27ac-H3K4me3_TDHAM_BP/samples/Mono1_H3K27ac/S00294_NCMLS/problems/chr8:12141854-43500000,8.635107040405273
H3K27ac-H3K4me3_TDHAM_BP/samples/Mono2_H3K27ac/S002EV_NCMLS/problems/chr2:162200000-234003741,8.313139915466309
H3K27ac-H3K4me3_TDHAM_BP/samples/Mono2_H3K27ac/S002EV_NCMLS/problems/chr5:49600000-91636128,8.267298698425293
H3K27ac-H3K4me3_TDHAM_BP/samples/Mono2_H3K27ac/S002FT_McGill/problems/chr2:110251337-149690582,9.638216018676758
H3K27ac-H3K4me3_TDHAM_BP/samples/Mono2_H3K27ac/S002FT_NCMLS/problems/chr2:162200000-234003741,9.066450119018555
H3K27ac-H3K4me3_TDHAM_BP/samples/Mono2_H3K27ac/S002KJ_McGill/problems/chr2:110251337-149690582,9.129115104675293
H3K27ac-H3K4me3_TDHAM_BP/samples/Mono2_H3K27ac/S002KJ_McGill/problems/chr2:162200000-234003741,8.51296615600586
H3K27ac-H3K4me3_TDHAM_BP/samples/Mono2_H3K27ac/S002KJ_NCMLS/problems/chr2:162200000-234003741,9.028755187988281
H3K27ac-H3K4me3_TDHAM_BP/samples/Mono2_H3K27ac/S002KJ_NCMLS/problems/chr2:33200000-87000000,9.114694595336914
H3K27ac-H3K4me3_TDHAM_BP/samples/Mono2_H3K27ac/S002MF_NCMLS/problems/chr2:149790582-162100000,9.661445617675781
H3K27ac-H3K4me3_TDHAM_BP/samples/Mono2_H3K27ac/S002MF_NCMLS/problems/chr5:49600000-91636128,9.977042198181152
H3K27ac-H3K4me3_TDHAM_BP/samples/Mono2_H3K27ac/S002XU_NCMLS/problems/chr2:162200000-234003741,8.462056159973145
H3K27ac-H3K4me3_TDHAM_BP/samples/Mono2_H3K27ac/S002XU_NCMLS/problems/chr2:33200000-87000000,8.711345672607422
H3K27ac-H3K4me3_TDHAM_BP/samples/Mono2_H3K27ac/S0031G_NCMLS/problems/chr2:110251337-149690582,8.525237083435059
H3K27ac-H3K4me3_TDHAM_BP/samples/Mono2_H3K27ac/S0031G_NCMLS/problems/chr2:149790582-162100000,9.157546043395996
H3K27ac-H3K4me3_TDHAM_BP/samples/Mono2_H3K27ac/S0031G_NCMLS/problems/chr2:162200000-234003741,8.643172264099121
H3K27ac-H3K4me3_TDHAM_BP/samples/Mono2_H3K27ac/S0032E_NCMLS/problems/chr2:162200000-234003741,9.540048599243164
H3K27ac-H3K4me3_TDHAM_BP/samples/Mono2_H3K27ac/S003AZ_NCMLS/problems/chr2:110251337-149690582,9.255571365356445
H3K27ac-H3K4me3_TDHAM_BP/samples/Mono2_H3K27ac/S003AZ_NCMLS/problems/chr2:33200000-87000000,10.279102325439453
H3K27ac-H3K4me3_TDHAM_BP/samples/Mono2_H3K27ac/S003AZ_NCMLS/problems/chr5:49600000-91636128,8.870946884155273
H3K27ac-H3K4me3_TDHAM_BP/samples/Mono2_H3K27ac/S003JH_NCMLS/problems/chr2:162200000-234003741,11.572017669677734
H3K27ac-H3K4me3_TDHAM_BP/samples/Mono2_H3K27ac/S003JH_NCMLS/problems/chr2:33200000-87000000,12.953062057495117
H3K27ac-H3K4me3_TDHAM_BP/samples/Mono2_H3K27ac/S003KF_NCMLS/problems/chr2:149790582-162100000,8.956097602844238
H3K27ac-H3K4me3_TDHAM_BP/samples/Mono3_H3K27ac/S003R1_NCMLS/problems/chr5:49600000-91636128,9.013150215148926
H3K27ac-H3K4me3_TDHAM_BP/samples/Mono3_H3K27ac/S005N1_NCMLS/problems/chr5:49600000-91636128,8.629164695739746
H3K27ac-H3K4me3_TDHAM_BP/samples/Mono3_H3K27ac/S007F9_NCMLS/problems/chr5:49600000-91636128,9.079354286193848
H3K27ac-H3K4me3_TDHAM_BP/samples/Mono4_H3K27ac/S007VE_NCMLS/problems/chr5:49600000-91636128,9.041770935058594
H3K27ac-H3K4me3_TDHAM_BP/samples/Mono4_H3K27ac/S00DKC_WTSI/problems/chr5:49600000-91636128,8.290879249572754
H3K27ac-H3K4me3_TDHAM_BP/samples/Mono4_H3K27ac/S00E9U_WTSI/problems/chr5:49600000-91636128,8.312625885009766
H3K27ac-H3K4me3_TDHAM_BP/samples/Mono5_H3K27ac/S00GBI_WTSI/problems/chr5:49600000-91636128,12.971750259399414
H3K27ac-H3K4me3_TDHAM_BP/samples/Mono5_H3K27ac/S00GWD_WTSI/problems/chr5:49600000-91636128,8.301145553588867
H3K27ac-H3K4me3_TDHAM_BP/samples/Mono5_H3K27ac/S00J5I_WTSI/problems/chr5:49600000-91636128,8.32083511352539
H3K27ac-H3K4me3_TDHAM_BP/samples/Mono5_H3K27ac/S00J9A_WTSI/problems/chr5:49600000-91636128,12.971750259399414
H3K27ac-H3K4me3_TDHAM_BP/samples/Mono5_H3K27ac/S00JD2_WTSI/problems/chr5:49600000-91636128,12.971726417541504
H3K27ac-H3K4me3_TDHAM_BP/samples/Mono6_H3K27ac/S00JT7_WTSI/problems/chr5:49600000-91636128,8.360819816589355
H3K27ac-H3K4me3_TDHAM_BP/samples/Mono6_H3K27ac/S00JYY_WTSI/problems/chr5:49600000-91636128,12.971750259399414
H3K27ac-H3K4me3_TDHAM_BP/samples/Mono6_H3K27ac/S00KEX_WTSI/problems/chr5:49600000-91636128,8.322234153747559
H3K27ac-H3K4me3_TDHAM_BP/samples/Mono7_H3K27ac/S00P20_WTSI/problems/chr5:49600000-91636128,9.540104866027832
H3K27ac-H3K4me3_TDHAM_BP/samples/Mono7_H3K27ac/S00P4X_WTSI/problems/chr5:49600000-91636128,8.38976764678955
H3K27ac-H3K4me3_TDHAM_BP/samples/Mono8_H3K27ac/S00PVG_WTSI/problems/chr5:49600000-91636128,8.575791358947754
H3K27ac-H3K4me3_TDHAM_BP/samples/Mono8_H3K27ac/S00PWE_WTSI/problems/chr5:49600000-91636128,8.600059509277344
H3K27ac-H3K4me3_TDHAM_BP/samples/Mono8_H3K27ac/S00PYA_WTSI/problems/chr5:49600000-91636128,8.497004508972168
H3K27ac-H3K4me3_TDHAM_BP/samples/Mono8_H3K27ac/S00Q00_WTSI/problems/chr5:49600000-91636128,12.971750259399414
H3K27ac-H3K4me3_TDHAM_BP/samples/Mono9_H3K27ac/S00QWA_WTSI/problems/chr5:49600000-91636128,8.385944366455078
H3K27ac-H3K4me3_TDHAM_BP/samples/Mono9_H3K27ac/S00RC9_WTSI/problems/chr5:49600000-91636128,8.561030387878418
H3K27ac-H3K4me3_TDHAM_BP/samples/nTC10_H3K27ac/S00RMQ_McGill/problems/chr5:49600000-91636128,9.43006420135498
H3K27ac-H3K4me3_TDHAM_BP/samples/nTC10_H3K27ac/S00S2P_McGill/problems/chr5:49600000-91636128,8.32807445526123
H3K27ac-H3K4me3_TDHAM_BP/samples/nTC10_H3K27ac/S00T4H_McGill/problems/chr5:49600000-91636128,8.541789054870605
H3K27ac-H3K4me3_TDHAM_BP/samples/nTC11_H3K27ac/S00V65_McGill/problems/chr5:49600000-91636128,7.965516090393066
H3K27ac-H3K4me3_TDHAM_BP/samples/nTC11_H3K27ac/S00VGM_McGill/problems/chr5:49600000-91636128,8.854302406311035
H3K27ac-H3K4me3_TDHAM_BP/samples/nTC12_H3K27ac/S00XHC_McGill/problems/chr5:49600000-91636128,8.508955001831055
H3K27ac-H3K4me3_TDHAM_BP/samples/nTC12_H3K27ac/S00YEE_McGill/problems/chr5:49600000-91636128,8.612741470336914
H3K27ac-H3K4me3_TDHAM_BP/samples/nTC13_H3K27ac/S0130A_McGill/problems/chr5:49600000-91636128,8.548273086547852
H3K27ac-H3K4me3_TDHAM_BP/samples/nTC14_H3K27ac/S011DT_McGill/problems/chr5:49600000-91636128,8.54859733581543
H3K27ac-H3K4me3_TDHAM_BP/samples/nTC14_H3K27ac/S011ER_McGill/problems/chr5:49600000-91636128,8.529001235961914
H3K27ac-H3K4me3_TDHAM_BP/samples/nTC1_H3K27ac/S000GZ_McGill/problems/chr8:12141854-43500000,15.024359703063965
H3K27ac-H3K4me3_TDHAM_BP/samples/nTC1_H3K27ac/S000X1_McGill/problems/chr11:55100000-69089801,10.362293243408203
H3K27ac-H3K4me3_TDHAM_BP/samples/nTC1_H3K27ac/S0010Q_McGill/problems/chr5:49600000-91636128,8.598342895507812
H3K27ac-H3K4me3_TDHAM_BP/samples/nTC1_H3K27ac/S0012M_McGill/problems/chr11:55100000-69089801,8.358193397521973
H3K27ac-H3K4me3_TDHAM_BP/samples/nTC1_H3K27ac/S0012M_McGill/problems/chr4:52660117-59739333,8.395270347595215
H3K27ac-H3K4me3_TDHAM_BP/samples/nTC1_H3K27ac/S0012M_McGill/problems/chr8:12141854-43500000,11.318788528442383
H3K27ac-H3K4me3_TDHAM_BP/samples/nTC1_H3K27ac/S001C2_McGill/problems/chr5:49600000-91636128,8.771324157714844
H3K27ac-H3K4me3_TDHAM_BP/samples/nTC1_H3K27ac/S001GV_McGill/problems/chr11:55100000-69089801,8.837748527526855
H3K27ac-H3K4me3_TDHAM_BP/samples/nTC1_H3K27ac/S001NH_McGill/problems/chr11:55100000-69089801,12.489514350891113
H3K27ac-H3K4me3_TDHAM_BP/samples/nTC1_H3K27ac/S001NH_McGill/problems/chr8:12141854-43500000,16.281007766723633
H3K27ac-H3K4me3_TDHAM_BP/samples/nTC1_H3K27ac/S001T5_McGill/problems/chr5:49600000-91636128,10.0427885055542
H3K27ac-H3K4me3_TDHAM_BP/samples/nTC2_H3K27ac/S002EV_McGill/problems/chr5:49600000-91636128,8.943740844726562
H3K27ac-H3K4me3_TDHAM_BP/samples/nTC2_H3K27ac/S002FT_McGill/problems/chr5:49600000-91636128,8.857187271118164
H3K27ac-H3K4me3_TDHAM_BP/samples/nTC2_H3K27ac/S002WW_McGill/problems/chr5:49600000-91636128,9.291746139526367
H3K27ac-H3K4me3_TDHAM_BP/samples/nTC2_H3K27ac/S0032E_McGill/problems/chr5:49600000-91636128,8.665852546691895
H3K27ac-H3K4me3_TDHAM_BP/samples/nTC2_H3K27ac/S003AZ_McGill/problems/chr5:49600000-91636128,8.47763442993164
H3K27ac-H3K4me3_TDHAM_BP/samples/nTC2_H3K27ac/S003JH_McGill/problems/chr5:49600000-91636128,8.669501304626465
H3K27ac-H3K4me3_TDHAM_BP/samples/nTC2_H3K27ac/S003P5_McGill/problems/chr5:49600000-91636128,8.853145599365234
H3K27ac-H3K4me3_TDHAM_BP/samples/nTC3_H3K27ac/S007CF_McGill/problems/chr5:49600000-91636128,8.71300220489502
H3K27ac-H3K4me3_TDHAM_BP/samples/nTC3_H3K27ac/S007F9_McGill/problems/chr5:49600000-91636128,8.622349739074707
H3K27ac-H3K4me3_TDHAM_BP/samples/nTC4_H3K27ac/S00DKC_McGill/problems/chr5:49600000-91636128,8.50031566619873
H3K27ac-H3K4me3_TDHAM_BP/samples/nTC4_H3K27ac/S00E9U_McGill/problems/chr5:49600000-91636128,8.533942222595215
H3K27ac-H3K4me3_TDHAM_BP/samples/nTC4_H3K27ac/S00FK4_McGill/problems/chr5:49600000-91636128,8.63137149810791
H3K27ac-H3K4me3_TDHAM_BP/samples/nTC4_H3K27ac/S00FPV_McGill/problems/chr5:49600000-91636128,8.589465141296387
H3K27ac-H3K4me3_TDHAM_BP/samples/nTC4_H3K27ac/S00FVJ_McGill/problems/chr5:49600000-91636128,8.700977325439453
H3K27ac-H3K4me3_TDHAM_BP/samples/nTC5_H3K27ac/S00G7Q_McGill/problems/chr5:49600000-91636128,8.522521018981934
H3K27ac-H3K4me3_TDHAM_BP/samples/nTC5_H3K27ac/S00G9M_McGill/problems/chr5:49600000-91636128,8.578298568725586
H3K27ac-H3K4me3_TDHAM_BP/samples/nTC5_H3K27ac/S00GBI_McGill/problems/chr5:49600000-91636128,8.290771484375
H3K27ac-H3K4me3_TDHAM_BP/samples/nTC5_H3K27ac/S00GEC_McGill/problems/chr5:49600000-91636128,8.485428810119629
H3K27ac-H3K4me3_TDHAM_BP/samples/nTC6_H3K27ac/S00JV3_McGill/problems/chr5:49600000-91636128,8.396294593811035
H3K27ac-H3K4me3_TDHAM_BP/samples/nTC6_H3K27ac/S00KHR_McGill/problems/chr5:49600000-91636128,8.55522346496582
H3K27ac-H3K4me3_TDHAM_BP/samples/nTC6_H3K27ac/S00M48_McGill/problems/chr5:49600000-91636128,8.450105667114258
H3K27ac-H3K4me3_TDHAM_BP/samples/nTC7_H3K27ac/S00MBV_McGill/problems/chr5:49600000-91636128,8.513476371765137
H3K27ac-H3K4me3_TDHAM_BP/samples/nTC7_H3K27ac/S00N36_McGill/problems/chr5:49600000-91636128,9.141519546508789
H3K27ac-H3K4me3_TDHAM_BP/samples/nTC8_H3K27ac/S00P8P_McGill/problems/chr5:49600000-91636128,8.505449295043945
H3K27ac-H3K4me3_TDHAM_BP/samples/nTC8_H3K27ac/S00PDF_McGill/problems/chr5:49600000-91636128,8.520861625671387
H3K27ac-H3K4me3_TDHAM_BP/samples/nTC8_H3K27ac/S00PK1_McGill/problems/chr5:49600000-91636128,9.072851181030273
H3K27ac-H3K4me3_TDHAM_BP/samples/nTC8_H3K27ac/S00Q00_McGill/problems/chr5:49600000-91636128,8.97523021697998
H3K27ac-H3K4me3_TDHAM_BP/samples/nTC8_H3K27ac/S00Q4T_McGill/problems/chr5:49600000-91636128,8.553201675415039
H3K27ac-H3K4me3_TDHAM_BP/samples/nTC9_H3K27ac/S00QQM_McGill/problems/chr5:49600000-91636128,8.767053604125977
H3K27ac-H3K4me3_TDHAM_BP/samples/nTC9_H3K27ac/S00QTG_McGill/problems/chr5:49600000-91636128,8.591422080993652
H3K27ac-H3K4me3_TDHAM_BP/samples/nTC9_H3K27ac/S00R1V_McGill/problems/chr5:49600000-91636128,8.563116073608398
H3K27ac-H3K4me3_TDHAM_BP/samples/nTC9_H3K27ac/S00RAD_McGill/problems/chr5:49600000-91636128,8.89669418334961
H3K27ac-H3K4me3_TDHAM_BP/samples/nTC9_H3K27ac/S00RC9_McGill/problems/chr5:49600000-91636128,8.752870559692383
